l_cm = 0.015;
m_heli = 0.479;
j_eq_p = 0.0172;
j_eq_y = 0.0210;
g = 9.81;
K_pp = 0.0556;
K_yy = 0.21084;
K_py = 0.005;
K_yp = 0.15;
B_p = 0.01;
B_y = 0.08;




